3.401904e+00
4.692770e-03
9.851769e-03
1.192814e+01
7.056881e-03
5.957317e-03
6.649936e-03
1.381338e-03
1.434017e+01
2.217059e+00
8.141302e-03
1.378011e+01
2.741683e+00
1.192559e+01
1.433745e+01
2.214042e+00
8.404097e-03
8.800620e-03
5.367847e-03
9.549088e-03
1.181197e-01
6.834200e-03
8.796875e-03
1.189423e-06
1.433600e+01
1.396041e+01
9.601086e-03
3.740504e-02
5.347947e-03
2.735070e+00
8.099961e-03
2.213550e+00
1.991081e-03
1.728486e-03
3.059153e-04
9.878037e-03
3.405446e+00
1.434095e+01
2.304894e+00
1.434312e+01
8.830781e-03
1.436191e+01
5.142112e-03
3.410310e+00
1.377600e+01
6.252566e-03
1.004705e-02
1.931618e-02
5.855753e-03
1.435380e+01
1.378599e+01
2.467116e-06
1.283973e-05
1.433620e+01
8.197634e-03
1.378297e+01
8.054985e-02
1.433600e+01
6.003161e-03
1.433600e+01
1.434014e+01
1.433600e+01
2.735681e+00
1.433838e+01
5.572283e-04
8.856889e-03
2.212726e+00
6.086384e-03
3.405518e+00
1.192579e+01
1.192716e+01
4.983310e-03
6.479434e-01
2.740474e+00
4.311940e-03
2.302591e+00
1.377754e+01
1.378329e+01
7.668558e-03
7.846873e-03
2.811931e-03
1.192910e+01
6.363000e-01
5.888584e-03
3.994622e-03
6.446053e-04
2.735618e+00
7.098147e-03
7.552142e-06
5.295547e-03
4.135336e-03
7.056881e-03
1.131600e-02
1.193024e+01
7.052664e-03
7.005391e-03
2.218053e+00
1.377652e+01
1.192275e+01
5.469182e-03
1.433921e+01
1.438886e+01
1.192216e+01
4.790034e-03
1.192467e+01
2.120126e-06
6.258866e-03
3.460170e-06
9.185159e-03
8.400818e-03
3.146792e+00
1.433756e+01
1.378374e+01
3.449650e-03
1.434041e+01
6.729911e-03
8.279785e-04
1.647428e-02
1.193167e+01
1.378165e+01
1.377600e+01
2.846831e-03
1.756797e-03
1.434322e+01
5.572283e-04
2.309679e+00
7.396801e-03
4.714468e-03
1.192366e+01
3.726826e-03
7.561417e-02
1.192432e+01
2.033869e-06
6.003161e-03
1.433600e+01
1.433784e+01
2.845419e-02
3.246377e-03
1.433958e+01
1.101245e-02
5.173446e-03
1.426396e-03
1.433600e+01
2.105954e-03
7.874361e-03
8.383072e-03
1.433798e+01
5.572283e-04
1.212270e+01
1.638465e-02
3.687861e-02
1.991081e-03
1.935370e-01
1.192636e+01
3.333906e-03
2.217856e+00
2.214172e+00
1.192357e+01
6.033721e-03
1.377600e+01
1.153695e-04
6.186860e-03
1.433919e+01
1.434653e+01
7.853284e-03
2.306071e+00
4.655395e-03
3.405903e+00
9.495057e-03
2.751977e-03
1.434188e+01
1.433974e+01
2.734000e+00
1.378412e+01
8.912755e-03
1.850162e-03
4.795761e-03
5.537553e-01
8.230639e-03
3.144554e+00
1.434064e+01
9.465430e-03
1.378555e+01
6.409839e-03
6.485645e-03
7.012758e-03
6.814845e-03
8.141302e-03
2.737280e+00
2.359154e-03
1.433600e+01
4.118987e-03
3.683998e-03
5.868146e-03
8.118126e-03
6.794948e-03
3.152141e+00
1.878834e-03
8.400818e-03
1.377600e+01
5.273418e-03
1.378084e+01
2.734000e+00
1.433768e+01
2.843391e-03
1.435386e+01
4.451095e-03
1.447365e-02
2.257546e-03
6.152439e-03
3.404726e+00
7.689632e-03
8.018284e-03
9.889501e-03
3.284714e-03
2.217021e+00
2.574441e-03
1.200722e-03
8.099961e-03
1.433839e+01
2.744015e+00
1.563737e-02
7.805201e-03
8.400818e-03
1.192706e+01
1.192954e+01
5.398968e-03
2.520938e-03
1.433719e+01
4.234413e-03
1.539053e-02
1.378434e+01
5.067140e-02
8.435001e-03
3.540737e-01
1.433600e+01
1.433707e+01
1.433670e+01
4.714486e-03
2.735044e+00
4.972844e-03
2.935914e-02
4.274352e-03
6.485645e-03
5.617655e-03
6.957737e-03
1.756797e-03
4.135336e-03
2.244741e-02
1.408112e-03
1.193038e+01
3.408120e+00
5.888584e-03
4.848949e-03
8.099961e-03
1.532778e-06
5.819996e-03
1.793576e-03
3.407910e+00
2.764166e-03
1.134403e-02
2.764166e-03
1.965103e-02
2.212200e+00
1.192361e+01
1.377939e+01
1.616627e-02
2.214506e+00
1.535343e-01
5.177449e-02
1.645481e-03
1.377600e+01
1.434241e+01
1.433793e+01
7.805201e-03
2.907443e-02
4.186880e-02
1.193111e+01
4.299404e-03
7.023178e-03
1.377724e+01
6.957737e-03
6.790590e-03
3.535000e-01
7.396801e-03
1.756797e-03
7.076973e-03
1.194581e+01
2.739886e+00
6.673602e-03
1.377681e+01
5.879164e-04
3.893397e-03
8.637417e-03
4.254867e-03
3.804335e-03
1.433957e+01
6.596531e-03
1.410912e-01
6.596531e-03
1.192200e+01
1.378301e+01
1.433623e+01
3.335645e-03
5.998683e-03
5.615226e-03
2.751977e-03
2.302378e+00
1.192373e+01
1.199386e-02
7.874361e-03
4.934538e-03
9.214209e-03
1.377621e+01
2.734328e+00
3.826393e-03
6.301213e-03
2.737497e+00
2.300700e+00
3.870150e-03
2.215371e+00
1.001842e-02
7.434531e-03
1.377963e+01
8.538711e-03
2.215646e+00
4.571487e-03
3.548296e-01
4.369741e-03
8.724308e-03
1.192311e+01
3.246194e-03
3.405386e+00
2.212322e+00
8.853966e-03
2.145319e-03
6.647707e-02
1.433600e+01
2.467116e-06
6.195548e-03
7.907522e-03
1.192200e+01
2.033169e-03
8.042912e-03
5.957327e-03
5.167315e-03
1.431480e-06
1.877582e-02
7.863725e-03
2.843391e-03
3.147982e+00
8.158274e-03
3.558821e-02
3.507842e-03
6.109045e-03
1.377840e+01
2.555426e-06
1.192200e+01
6.957737e-03
1.378056e+01
1.192219e+01
2.219771e+00
1.377807e+01
4.258078e-03
2.735843e+00
2.212200e+00
1.645481e-03
2.736590e+00
2.300700e+00
5.615226e-03
7.005391e-03
4.602559e-03
6.794948e-03
2.741817e+00
5.046622e-02
5.119817e-03
3.952688e-03
6.222022e-03
1.377600e+01
2.303942e+00
2.145319e-03
2.739875e+00
6.222022e-03
2.751977e-03
9.185159e-03
7.447036e-03
1.434082e+01
1.192635e+01
8.375405e-03
2.306388e+00
5.617655e-03
4.790034e-03
3.404830e-01
2.088455e-02
5.566073e-03
1.820951e-02
2.344056e-02
4.571487e-03
2.741307e+00
2.739112e+00
4.705132e-03
3.149022e+00
1.009625e-02
2.217173e+00
3.144471e+00
3.374913e-03
1.433951e+01
9.993945e-02
6.409839e-03
8.354630e-03
2.510379e-02
5.330636e-03
2.302057e+00
5.295547e-03
7.842137e-03
7.132560e-03
1.192790e+01
4.848949e-03
6.519655e-02
4.178774e-03
1.379426e+01
1.192795e+01
3.148301e+00
8.141302e-03
6.446053e-04
6.447849e-03
5.173446e-03
2.301028e+00
3.449650e-03
3.831759e-03
2.218326e+00
4.687925e-03
1.435101e+01
4.259478e-01
1.433918e+01
1.193153e+01
6.124253e-03
1.434544e+01
3.605306e-01
1.192783e+01
2.304256e+00
1.433896e+01
1.991081e-03
1.385639e-01
1.377941e+01
6.906163e-03
3.537694e-01
1.387361e+01
3.144300e+00
2.078515e-02
1.378088e+01
1.756797e-03
3.433252e-01
6.452568e-01
1.192768e+01
2.033169e-03
1.192934e+01
4.795761e-03
3.284714e-03
1.435323e+01
9.403219e-03
4.868260e-03
1.378416e+01
3.865893e-03
8.845953e-03
2.310891e+00
5.178149e-03
6.906163e-03
1.483517e-01
8.257159e-03
2.185172e-03
9.442935e-04
2.218252e+00
6.959089e-03
7.907522e-03
1.434190e+01
3.424434e-03
4.943515e-03
3.645954e-03
1.377835e+01
1.433652e+01
5.119817e-03
3.693007e-03
1.433727e+01
9.418958e-02
3.424434e-03
1.378137e+01
1.433936e+01
5.398968e-03
1.377600e+01
5.842419e-03
1.597844e-03
1.340513e-02
7.075186e-03
1.377854e+01
3.145162e+00
2.916319e-02
2.381237e-03
6.414467e-06
3.737240e-03
1.378120e+01
1.433745e+01
3.796899e-03
2.303364e+00
1.087054e-02
1.378364e+01
3.098829e-02
9.659651e-03
8.042912e-03
1.433728e+01
1.434314e+01
1.974999e-01
5.178149e-03
7.005391e-03
1.436268e+01
1.192364e+01
2.301167e+00
5.217554e-03
8.333368e-03
3.165387e-03
6.957737e-03
2.305212e+00
2.212581e+00
1.341357e-01
5.142112e-03
1.193384e+01
6.022864e-03
7.863725e-03
1.433748e+01
3.343577e-03
8.257159e-03
4.035334e-03
5.428944e-01
3.146706e+00
7.379978e-03
3.562827e-03
6.886088e-03
4.854193e-03
1.200722e-03
2.738077e+00
1.377600e+01
2.303809e+00
2.555426e-06
4.609887e-04
2.303743e+00
3.356343e-03
1.478515e-03
1.434276e+01
2.120126e-06
1.192336e+01
7.005391e-03
4.714468e-03
2.741419e+00
1.433839e+01
4.173625e-07
3.559046e-02
1.728486e-03
1.377600e+01
2.735054e+00
1.707914e-06
1.200722e-03
1.434062e+01
4.790034e-03
9.219288e-03
1.433600e+01
1.243676e-06
3.406305e+00
1.189423e-06
2.737783e+00
1.378279e+01
8.042912e-03
7.552142e-06
2.325358e-06
2.218577e+00
1.555705e-01
1.434826e+01
5.819996e-03
2.576585e-06
6.838930e-03
1.666162e-06
5.217554e-03
1.192534e+01
5.842419e-03
8.045180e-03
3.392028e-01
6.814835e-03
3.144300e+00
1.377777e+01
1.192418e+01
1.433699e+01
9.394193e-03
1.192200e+01
3.475064e-03
1.088050e+00
1.433600e+01
9.702759e-03
3.583973e-01
1.193085e+01
6.003161e-03
4.752300e-03
3.404244e+00
3.111651e-03
5.617655e-03
5.119817e-03
4.377874e-02
8.008638e-03
6.003161e-03
2.215464e+00
9.337983e-03
2.704422e-02
3.870150e-03
1.782319e-03
1.184600e-02
3.826393e-03
5.851450e-03
4.984227e-03
1.377600e+01
1.433880e+01
5.291311e-04
2.734783e+00
4.818284e-06
1.192461e+01
3.417109e+00
9.883293e-01
7.907522e-03
1.025082e+00
6.975307e-03
1.052878e-01
1.378569e+01
1.224488e+01
2.309036e+00
2.300700e+00
1.192202e+01
1.666259e-02
9.303493e-03
2.372264e-02
1.434060e+01
9.721736e-03
4.770198e-03
1.192476e+01
6.086384e-03
5.344059e-03
1.433949e+01
1.192673e+01
2.736770e+00
6.044947e-04
5.653274e-03
1.793576e-03
8.444862e-03
4.118987e-03
3.374913e-03
1.140516e+00
1.192200e+01
5.888584e-03
9.060224e-03
2.215178e+00
1.597844e-03
2.553854e-02
9.214209e-03
1.433915e+01
7.363660e-03
3.405786e+00
1.192211e+01
3.150131e+00
3.343577e-03
2.302030e+00
2.734973e+00
4.602559e-03
2.738297e+00
3.284714e-03
1.378136e+01
8.912755e-03
1.167206e+00
9.214209e-03
9.721736e-03
4.381477e-03
2.734249e+00
4.345393e-04
6.596531e-03
4.638948e-03
9.476948e-03
9.653132e-03
2.739032e+00
7.006720e-03
1.192670e+01
7.750436e-02
2.215548e+00
6.902707e-03
5.214884e-03
4.657410e-03
7.842137e-03
1.433600e+01
6.814835e-03
1.192655e+01
2.216553e+00
2.736174e+00
7.160516e-03
2.662571e-03
1.377601e+01
1.434170e+01
4.178774e-03
1.433769e+01
1.756797e-03
1.379216e+01
1.434398e+01
2.302719e+00
2.212200e+00
7.874361e-03
4.173625e-07
4.038576e-01
1.192595e+01
1.433600e+01
2.576585e-06
1.433611e+01
